час | солнце | облачность | U10 | класс | α | max_profile | WindModel 10/50/100/300
6.0 | 4.74 | clear | 0.0 | F | 0.880000 | 0.896182 | 0.896 0.896 0.896 0.896
6.0 | 4.74 | clear | 3.0 | F | 0.880000 | 1.971437 | 1.000 1.971 1.971 1.971
6.0 | 4.74 | clear | 6.0 | D | 0.240000 | 2.445407 | 1.000 1.471 1.738 2.262
6.0 | 4.74 | partly | 0.0 | F | 0.880000 | 0.896182 | 0.896 0.896 0.896 0.896
6.0 | 4.74 | partly | 3.0 | F | 0.880000 | 1.971437 | 1.000 1.971 1.971 1.971
6.0 | 4.74 | partly | 6.0 | D | 0.240000 | 2.445407 | 1.000 1.471 1.738 2.262
6.0 | 4.74 | overcast | 0.0 | F | 0.880000 | 0.896182 | 0.896 0.896 0.896 0.896
6.0 | 4.74 | overcast | 3.0 | E | 0.560000 | 2.138273 | 1.000 2.138 2.138 2.138
6.0 | 4.74 | overcast | 6.0 | D | 0.240000 | 2.445407 | 1.000 1.471 1.738 2.262
9.0 | 32.12 | clear | 0.0 | B | 0.112000 | 1.149112 | 1.000 1.149 1.149 1.149
9.0 | 32.12 | clear | 3.0 | C | 0.160000 | 1.624561 | 1.000 1.294 1.445 1.625
9.0 | 32.12 | clear | 6.0 | D | 0.240000 | 2.445407 | 1.000 1.471 1.738 2.262
9.0 | 32.12 | partly | 0.0 | B | 0.112000 | 1.149112 | 1.000 1.149 1.149 1.149
9.0 | 32.12 | partly | 3.0 | C | 0.160000 | 1.624561 | 1.000 1.294 1.445 1.625
9.0 | 32.12 | partly | 6.0 | D | 0.240000 | 2.445407 | 1.000 1.471 1.738 2.262
9.0 | 32.12 | overcast | 0.0 | C | 0.160000 | 1.219640 | 1.000 1.220 1.220 1.220
9.0 | 32.12 | overcast | 3.0 | D | 0.240000 | 2.070637 | 1.000 1.471 1.738 2.071
9.0 | 32.12 | overcast | 6.0 | D | 0.240000 | 2.445407 | 1.000 1.471 1.738 2.262
12.0 | 56.83 | clear | 0.0 | A | 0.112000 | 1.149112 | 1.000 1.149 1.149 1.149
12.0 | 56.83 | clear | 3.0 | B | 0.112000 | 1.404479 | 1.000 1.198 1.294 1.404
12.0 | 56.83 | clear | 6.0 | D | 0.240000 | 2.445407 | 1.000 1.471 1.738 2.262
12.0 | 56.83 | partly | 0.0 | A | 0.112000 | 1.149112 | 1.000 1.149 1.149 1.149
12.0 | 56.83 | partly | 3.0 | B | 0.112000 | 1.404479 | 1.000 1.198 1.294 1.404
12.0 | 56.83 | partly | 6.0 | D | 0.240000 | 2.445407 | 1.000 1.471 1.738 2.262
12.0 | 56.83 | overcast | 0.0 | C | 0.160000 | 1.219640 | 1.000 1.220 1.220 1.220
12.0 | 56.83 | overcast | 3.0 | D | 0.240000 | 2.070637 | 1.000 1.471 1.738 2.071
12.0 | 56.83 | overcast | 6.0 | D | 0.240000 | 2.445407 | 1.000 1.471 1.738 2.262
15.0 | 55.06 | clear | 0.0 | A | 0.112000 | 1.149112 | 1.000 1.149 1.149 1.149
15.0 | 55.06 | clear | 3.0 | B | 0.112000 | 1.404479 | 1.000 1.198 1.294 1.404
15.0 | 55.06 | clear | 6.0 | D | 0.240000 | 2.445407 | 1.000 1.471 1.738 2.262
15.0 | 55.06 | partly | 0.0 | A | 0.112000 | 1.149112 | 1.000 1.149 1.149 1.149
15.0 | 55.06 | partly | 3.0 | B | 0.112000 | 1.404479 | 1.000 1.198 1.294 1.404
15.0 | 55.06 | partly | 6.0 | D | 0.240000 | 2.445407 | 1.000 1.471 1.738 2.262
15.0 | 55.06 | overcast | 0.0 | C | 0.160000 | 1.219640 | 1.000 1.220 1.220 1.220
15.0 | 55.06 | overcast | 3.0 | D | 0.240000 | 2.070637 | 1.000 1.471 1.738 2.071
15.0 | 55.06 | overcast | 6.0 | D | 0.240000 | 2.445407 | 1.000 1.471 1.738 2.262
20.0 | 10.76 | clear | 0.0 | C | 0.160000 | 1.219640 | 1.000 1.220 1.220 1.220
20.0 | 10.76 | clear | 3.0 | D | 0.240000 | 2.070637 | 1.000 1.471 1.738 2.071
20.0 | 10.76 | clear | 6.0 | D | 0.240000 | 2.445407 | 1.000 1.471 1.738 2.262
20.0 | 10.76 | partly | 0.0 | C | 0.160000 | 1.219640 | 1.000 1.220 1.220 1.220
20.0 | 10.76 | partly | 3.0 | D | 0.240000 | 2.070637 | 1.000 1.471 1.738 2.071
20.0 | 10.76 | partly | 6.0 | D | 0.240000 | 2.445407 | 1.000 1.471 1.738 2.262
20.0 | 10.76 | overcast | 0.0 | C | 0.160000 | 1.219640 | 1.000 1.220 1.220 1.220
20.0 | 10.76 | overcast | 3.0 | D | 0.240000 | 2.070637 | 1.000 1.471 1.738 2.071
20.0 | 10.76 | overcast | 6.0 | D | 0.240000 | 2.445407 | 1.000 1.471 1.738 2.262
20.5 | 6.42 | clear | 0.0 | F | 0.880000 | 0.896182 | 0.896 0.896 0.896 0.896
20.5 | 6.42 | clear | 3.0 | F | 0.880000 | 1.971437 | 1.000 1.971 1.971 1.971
20.5 | 6.42 | clear | 6.0 | D | 0.240000 | 2.445407 | 1.000 1.471 1.738 2.262
20.5 | 6.42 | partly | 0.0 | F | 0.880000 | 0.896182 | 0.896 0.896 0.896 0.896
20.5 | 6.42 | partly | 3.0 | F | 0.880000 | 1.971437 | 1.000 1.971 1.971 1.971
20.5 | 6.42 | partly | 6.0 | D | 0.240000 | 2.445407 | 1.000 1.471 1.738 2.262
20.5 | 6.42 | overcast | 0.0 | F | 0.880000 | 0.896182 | 0.896 0.896 0.896 0.896
20.5 | 6.42 | overcast | 3.0 | E | 0.560000 | 2.138273 | 1.000 2.138 2.138 2.138
20.5 | 6.42 | overcast | 6.0 | D | 0.240000 | 2.445407 | 1.000 1.471 1.738 2.262
21.0 | 2.29 | clear | 0.0 | F | 0.880000 | 0.896182 | 0.896 0.896 0.896 0.896
21.0 | 2.29 | clear | 3.0 | F | 0.880000 | 1.971437 | 1.000 1.971 1.971 1.971
21.0 | 2.29 | clear | 6.0 | D | 0.240000 | 2.445407 | 1.000 1.471 1.738 2.262
21.0 | 2.29 | partly | 0.0 | F | 0.880000 | 0.896182 | 0.896 0.896 0.896 0.896
21.0 | 2.29 | partly | 3.0 | F | 0.880000 | 1.971437 | 1.000 1.971 1.971 1.971
21.0 | 2.29 | partly | 6.0 | D | 0.240000 | 2.445407 | 1.000 1.471 1.738 2.262
21.0 | 2.29 | overcast | 0.0 | F | 0.880000 | 0.896182 | 0.896 0.896 0.896 0.896
21.0 | 2.29 | overcast | 3.0 | E | 0.560000 | 2.138273 | 1.000 2.138 2.138 2.138
21.0 | 2.29 | overcast | 6.0 | D | 0.240000 | 2.445407 | 1.000 1.471 1.738 2.262
